0.000000 0.000000
0.000010 0.063424
0.000020 0.126592
0.000030 0.189251
0.000040 0.251148
0.000051 0.312033
0.000061 0.371662
0.000071 0.429795
0.000081 0.486197
0.000091 0.540641
0.000101 0.592908
0.000111 0.642788
0.000121 0.690079
0.000131 0.734592
0.000141 0.776146
0.000152 0.814576
0.000162 0.849725
0.000172 0.881453
0.000182 0.909632
0.000192 0.934148
0.000202 0.954902
0.000212 0.971812
0.000222 0.984808
0.000232 0.993838
0.000242 0.998867
0.000253 0.999874
0.000263 0.996855
0.000273 0.989821
0.000283 0.978802
0.000293 0.963842
0.000303 0.945001
0.000313 0.922354
0.000323 0.895994
0.000333 0.866025
0.000343 0.832570
0.000354 0.795762
0.000364 0.755750
0.000374 0.712694
0.000384 0.666769
0.000394 0.618159
0.000404 0.567060
0.000414 0.513677
0.000424 0.458227
0.000434 0.400931
0.000444 0.342020
0.000455 0.281733
0.000465 0.220311
0.000475 0.158001
0.000485 0.095056
0.000495 0.031728
0.000505 -0.031728
0.000515 -0.095056
0.000525 -0.158001
0.000535 -0.220311
0.000545 -0.281733
0.000556 -0.342020
0.000566 -0.400931
0.000576 -0.458227
0.000586 -0.513677
0.000596 -0.567060
0.000606 -0.618159
0.000616 -0.666769
0.000626 -0.712694
0.000636 -0.755750
0.000646 -0.795762
0.000657 -0.832570
0.000667 -0.866025
0.000677 -0.895994
0.000687 -0.922354
0.000697 -0.945001
0.000707 -0.963842
0.000717 -0.978802
0.000727 -0.989821
0.000737 -0.996855
0.000747 -0.999874
0.000758 -0.998867
0.000768 -0.993838
0.000778 -0.984808
0.000788 -0.971812
0.000798 -0.954902
0.000808 -0.934148
0.000818 -0.909632
0.000828 -0.881453
0.000838 -0.849725
0.000848 -0.814576
0.000859 -0.776146
0.000869 -0.734592
0.000879 -0.690079
0.000889 -0.642788
0.000899 -0.592908
0.000909 -0.540641
0.000919 -0.486197
0.000929 -0.429795
0.000939 -0.371662
0.000949 -0.312033
0.000960 -0.251148
0.000970 -0.189251
0.000980 -0.126592
0.000990 -0.063424
0.001000 -0.000000
